Config,k,n_overlap,Purity_W2V,Purity_D2V,NMI,ARI
1,3,100,1.0,1.0,0.023145674198168483,0.004590257710622247
1,4,100,1.0,1.0,0.03233590896145272,-0.017135353787155225
1,5,100,1.0,1.0,0.03749281277028859,-0.005392440079135809
1,6,100,1.0,1.0,0.07015815842111522,0.00209372272922683
2,3,100,1.0,1.0,0.011466795488072432,-0.010964181741813073
2,4,100,1.0,1.0,0.033188933653347304,-0.015762197808811614
2,5,100,1.0,1.0,0.06723300722520494,-0.03131935296281791
2,6,100,1.0,1.0,0.08690733820203421,-0.08291667950624279
3,3,100,1.0,1.0,0.06732629039862549,0.03115631050107546
3,4,100,1.0,1.0,0.0616719854745856,0.09313894233967002
3,5,100,1.0,1.0,0.10277228740926526,0.06897959723223845
3,6,100,1.0,1.0,0.08707086692102627,0.004117866453111361
